#==years of catch																																							
40																																							
#==year of survey (some of the catch may come from the following year)																																							
1975	1976	1977	1978	1979	1980	1981	1982	1983	1984	1985	1986	1987	1988	1989	1990	1991	1992	1993	1994	1995	1996	1997	1998	1999	2000	2001	2002	2003	2004	2005	2006	2007	2008	2009	2010	2011	2012	2013	2014 
#==numbers caught																																							
0	0	0	0	0	0	0	0	0	0	0	0	0	0	0	0	0	0	380286	167520	110834	25383	90641	68129	0	0	0	0	0	0	0	0	0	0	0	0	0	0	0	0 
#==catch in tonnes																																							
0	0	0	0	0	0	0	0	0	0	0	0	0	0	0	0	0	0	1183.02	607.34	407.32	90.87	343.29	246.91	0	0	0	0	0	0	0	0	0	0	0	0	0	0	0	0 
#==years of discard																																							
17																																							
#==discard years																																							
1998	1999	2000	2001	2002	2003	2004	2005	2006	2007	2008	2009	2010	2011	2012	2013	2014																							
#==discard legal males (t)																																							
0	2.72	0	0	0	0	0	0	2.72	1.82	0.18	0	0	0	0	0	0																							
#==discard sublegal males (t)																																							
1.82	0	0	0	0	0	0	0.36	0.28	0.1	0	0	0	0	0	0	0																							
#==discard females (t)																																							
22.68	16.32	0	0	0	0	0	3.62	1.82	0.18	0	0	0	0	0	0	0																							
#==years of bycatch																																							
24																																							
#==bycatch years																																							
1991	1992	1993	1994	1995	1996	1997	1998	1999	2000	2001	2002	2003	2004	2005	2006	2007	2008	2009	2010	2011	2012	2013	2014																
#==fixed gear bycatch (t)																																							
0.6	20.15	0.75	0.34	6.01	2.23	5.58	13	15.5	2.6	3.39	0.63	0.96	3.96	5.66	8.74	2.4	2.05	0.24	0.56	0.44	0.15	0.47	0.30																	
#==trawl bycatch (t)																																							
57.14	219.91	164.84	19.11	7.9	2.84	9.55	8.53	3.91	5.89	8.51	11.39	12.29	4.4	30.9	26.69	3.45	8.68	1.31	7.81	5.59	16.23	2.49	0.235																
#==trawl bycatch (t) with 20% discard mortality applied																																							
45.71	175.93	131.87	15.29	6.32	2.27	7.64	6.82	3.13	4.71	6.81	9.11	9.83	3.52	24.72	21.35	2.76	6.94	1.05	6.25	4.47	12.98	1.99	0.188																	
